              precision    recall  f1-score   support

           0       1.00      0.06      0.12       268
           1       0.50      0.02      0.05        42
           2       1.00      0.05      0.09        43
           3       0.67      0.05      0.09        80
           4       0.93      0.05      0.10       252
           5       0.76      1.00      0.86      2040

    accuracy                           0.76      2725
   macro avg       0.81      0.21      0.22      2725
weighted avg       0.80      0.76      0.67      2725
